489
659
0
319
319
289
499
399
529
719
459
0
0
829
1150
0
1150
0
4990
579
759
999
1350
1150
0
6090
2290
2950
0
1450
369
499
679
0
549
599
999
0
329
299
619
2490
369
489
649
2490
0
779
779
0
369
489
0
1190
429
489
489
0
649
3590
0
0
339
469
649
469
0
469
469
0
379
319
469
529
0
0
949
1690
0
3550
399
529
729
0
0
0
0
0
209
419
369
0
0
519
669
0
699
0
539
329
459
599
0
449
649
859
0
0
429
0
0
0
0
399
519
399
0
0
0
0
229
229
359
399
339
419
399
719
0
419
759
759
229
199
269
599
299
399
549
499
0
399
0
429
0
0
0
0
0
0
0
0
459
0
0
0
0
0
0
0
0
0
199
269
349
199
299
369
319
429
529
149
199
299
179
249
0
299
319
419
389
499
309
289
389
489
0
829
399
0
529
0
529
0
479
0
489
0
124
359
399
849
349
819
359
499
469
249
329
679
359
489
679
389
539
729
229
302
0
0
0
229
319
439
219
0
0
289
289
174
289
329
669
219
399
219
289
399
219
399
219
399
219
399
79
114
169
104
134
219
319
419
229
223
329
269
359
499
419
579
639
174
199
199
329
299
0
0
269
349
299
369
1990
0
0
0
114
299
0
299
319
