350
570
730

0
279

240
320
590
399
0
0


0
939
0
0
510
514
720
1250
990
0
5790
2150
2580
10000
960
356
482
659
3360

581
960
1599

390

0
370
429
650
2150
0

677
0
0
429
580
774
299
420
557
630
688
3159
0
950
284
409
560
409
587
409
409
0

314

720
989
0
975
0
6700
0
383

700
643
0
0
1170
0
213
273
0
0
0
510
659
535
689
535
535
240
330
424
0
395
575
759

450
370
460
0
399
0
359
479
0
435
95
95
95
232
232
249
399



609
0
264
333
660
0
209
270
449
266
358
486


0
0
0
0
0
0
0
0
0
0
0
0
0
215
0
235

225
0
0
225
179
229
320
189
263
0
255
351
430
140
196
280

225
0
0

284
355
321
299
205
275
345
450
585
285
363
370
380
377
1500
420
550
425
0
349
399
590
743
520
711
288

610
282
360

317
430
595
342
472
644
225
305
290

309
160
284
363
149
199
269
199
199
185
255
340
580
185
340
185
250

185
340
185
340
185
330
80
112
160
87
0
194
270
399

225
320
225
320

395
540
600
0
0
170

350
699
198
282
450
297
399
0
465

0
140
220
310
190
0
